   26
Chinese    0.000000 0.000184 0.000000 0.000022 0.000015 0.000015 0.000037
 0.000155 0.000199 0.000806 0.000821 0.000799 0.000641 0.000641 0.000626
 0.002637 0.002563 0.002578 0.002585 0.002652 0.002629 0.002629 0.002607
 0.002334 0.002612 0.010814
Spleta     0.000184 0.000000 0.000184 0.000191 0.000177 0.000177 0.000184
 0.000059 0.000044 0.000754 0.000769 0.000747 0.000589 0.000597 0.000582
 0.002606 0.002532 0.002540 0.002547 0.002613 0.002591 0.002591 0.002569
 0.002281 0.002574 0.010789
TA2836     0.000000 0.000184 0.000000 0.000022 0.000015 0.000015 0.000037
 0.000155 0.000199 0.000806 0.000821 0.000799 0.000641 0.000641 0.000626
 0.002637 0.002563 0.002578 0.002585 0.002652 0.002629 0.002629 0.002607
 0.002334 0.002612 0.010814
TA2801     0.000022 0.000191 0.000022 0.000000 0.000037 0.000037 0.000059
 0.000162 0.000206 0.000813 0.000828 0.000806 0.000648 0.000648 0.000634
 0.002637 0.002563 0.002578 0.002585 0.002652 0.002629 0.002629 0.002607
 0.002334 0.002612 0.010822
PI520121   0.000015 0.000177 0.000015 0.000037 0.000000 0.000000 0.000052
 0.000155 0.000199 0.000791 0.000806 0.000784 0.000626 0.000641 0.000626
 0.002637 0.002563 0.002563 0.002570 0.002637 0.002615 0.002615 0.002592
 0.002334 0.002619 0.010814
PI520121   0.000015 0.000177 0.000015 0.000037 0.000000 0.000000 0.000052
 0.000155 0.000199 0.000791 0.000806 0.000784 0.000626 0.000641 0.000626
 0.002637 0.002563 0.002563 0.002570 0.002637 0.002615 0.002615 0.002592
 0.002334 0.002619 0.010814
TA0073     0.000037 0.000184 0.000037 0.000059 0.000052 0.000052 0.000000
 0.000155 0.000199 0.000806 0.000821 0.000798 0.000641 0.000641 0.000626
 0.002659 0.002585 0.002599 0.002607 0.002673 0.002651 0.002651 0.002629
 0.002355 0.002634 0.010822
TA0060     0.000155 0.000059 0.000155 0.000162 0.000155 0.000155 0.000155
 0.000000 0.000074 0.000724 0.000739 0.000717 0.000560 0.000560 0.000545
 0.002584 0.002510 0.002525 0.002532 0.002599 0.002577 0.002577 0.002554
 0.002274 0.002552 0.010767
TA1133     0.000199 0.000044 0.000199 0.000206 0.000199 0.000199 0.000199
 0.000074 0.000000 0.000769 0.000784 0.000762 0.000604 0.000604 0.000589
 0.002599 0.002525 0.002540 0.002548 0.002614 0.002592 0.002592 0.002570
 0.002296 0.002574 0.010799
AE918      0.000806 0.000754 0.000806 0.000813 0.000791 0.000791 0.000806
 0.000724 0.000769 0.000000 0.000015 0.000022 0.000369 0.000383 0.000383
 0.002552 0.002485 0.002478 0.002486 0.002552 0.002530 0.002530 0.002508
 0.002426 0.002601 0.010783
TA1796     0.000821 0.000769 0.000821 0.000828 0.000806 0.000806 0.000821
 0.000739 0.000784 0.000015 0.000000 0.000037 0.000384 0.000398 0.000398
 0.002567 0.002500 0.002493 0.002500 0.002567 0.002545 0.002545 0.002522
 0.002441 0.002616 0.010798
PI487232   0.000799 0.000747 0.000799 0.000806 0.000784 0.000784 0.000798
 0.000717 0.000762 0.000022 0.000037 0.000000 0.000361 0.000376 0.000376
 0.002545 0.002478 0.002471 0.002478 0.002545 0.002523 0.002522 0.002500
 0.002419 0.002594 0.010775
TA0941     0.000641 0.000589 0.000641 0.000648 0.000626 0.000626 0.000641
 0.000560 0.000604 0.000369 0.000384 0.000361 0.000000 0.000088 0.000088
 0.002485 0.002418 0.002426 0.002433 0.002485 0.002462 0.002462 0.002455
 0.002381 0.002519 0.010693
TA944      0.000641 0.000597 0.000641 0.000648 0.000641 0.000641 0.000641
 0.000560 0.000604 0.000383 0.000398 0.000376 0.000088 0.000000 0.000029
 0.002499 0.002433 0.002440 0.002447 0.002514 0.002492 0.002492 0.002470
 0.002366 0.002533 0.010677
TA1485     0.000626 0.000582 0.000626 0.000634 0.000626 0.000626 0.000626
 0.000545 0.000589 0.000383 0.000398 0.000376 0.000088 0.000029 0.000000
 0.002484 0.002418 0.002425 0.002433 0.002499 0.002477 0.002477 0.002455
 0.002366 0.002526 0.010677
Clae57     0.002637 0.002606 0.002637 0.002637 0.002637 0.002637 0.002659
 0.002584 0.002599 0.002552 0.002567 0.002545 0.002485 0.002499 0.002484
 0.000000 0.000139 0.000153 0.000161 0.000227 0.000212 0.000212 0.000197
 0.001758 0.001456 0.010987
TA1926     0.002563 0.002532 0.002563 0.002563 0.002563 0.002563 0.002585
 0.002510 0.002525 0.002485 0.002500 0.002478 0.002418 0.002433 0.002418
 0.000139 0.000000 0.000058 0.000051 0.000146 0.000132 0.000102 0.000132
 0.001677 0.001389 0.010919
TA1837     0.002578 0.002540 0.002578 0.002578 0.002563 0.002563 0.002599
 0.002525 0.002540 0.002478 0.002493 0.002471 0.002426 0.002440 0.002425
 0.000153 0.000058 0.000000 0.000007 0.000161 0.000146 0.000132 0.000117
 0.001692 0.001412 0.010927
TA1841     0.002585 0.002547 0.002585 0.002585 0.002570 0.002570 0.002607
 0.002532 0.002548 0.002486 0.002500 0.002478 0.002433 0.002447 0.002433
 0.000161 0.000051 0.000007 0.000000 0.000153 0.000139 0.000124 0.000124
 0.001699 0.001419 0.010935
TA1995     0.002652 0.002613 0.002652 0.002652 0.002637 0.002637 0.002673
 0.002599 0.002614 0.002552 0.002567 0.002545 0.002485 0.002514 0.002499
 0.000227 0.000146 0.000161 0.000153 0.000000 0.000175 0.000175 0.000124
 0.001765 0.001486 0.011009
TA1996     0.002629 0.002591 0.002629 0.002629 0.002615 0.002615 0.002651
 0.002577 0.002592 0.002530 0.002545 0.002523 0.002462 0.002492 0.002477
 0.000212 0.000132 0.000146 0.000139 0.000175 0.000000 0.000066 0.000168
 0.001751 0.001463 0.010987
TA1924     0.002629 0.002591 0.002629 0.002629 0.002615 0.002615 0.002651
 0.002577 0.002592 0.002530 0.002545 0.002522 0.002462 0.002492 0.002477
 0.000212 0.000102 0.000132 0.000124 0.000175 0.000066 0.000000 0.000168
 0.001736 0.001463 0.010979
TA1980     0.002607 0.002569 0.002607 0.002607 0.002592 0.002592 0.002629
 0.002554 0.002570 0.002508 0.002522 0.002500 0.002455 0.002470 0.002455
 0.000197 0.000132 0.000117 0.000124 0.000124 0.000168 0.000168 0.000000
 0.001721 0.001456 0.010964
PI428335   0.002334 0.002281 0.002334 0.002334 0.002334 0.002334 0.002355
 0.002274 0.002296 0.002426 0.002441 0.002419 0.002381 0.002366 0.002366
 0.001758 0.001677 0.001692 0.001699 0.001765 0.001751 0.001736 0.001721
 0.000000 0.001700 0.011004
AL8/78     0.002612 0.002574 0.002612 0.002612 0.002619 0.002619 0.002634
 0.002552 0.002574 0.002601 0.002616 0.002594 0.002519 0.002533 0.002526
 0.001456 0.001389 0.001412 0.001419 0.001486 0.001463 0.001463 0.001456
 0.001700 0.000000 0.010979
Barley     0.010814 0.010789 0.010814 0.010822 0.010814 0.010814 0.010822
 0.010767 0.010799 0.010783 0.010798 0.010775 0.010693 0.010677 0.010677
 0.010987 0.010919 0.010927 0.010935 0.011009 0.010987 0.010979 0.010964
 0.011004 0.010979 0.000000
